										Graph.js											Graph.js New											Graph.js Gui
+----------+---------+----+------+------+-------+----------+-------------+------+----+------+------+-------+----------+-------------+------+----+------+------+-------+----------+-------------+------+
|   CWE    |  Total  |    |  TP  |  FP  |  TFP  |  Recall  |  Precision  |  F1  |    |  TP  |  FP  |  TFP  |  Recall  |  Precision  |  F1  |    |  TP  |  FP  |  TFP  |  Recall  |  Precision  |  F1  |
+==========+=========+====+======+======+=======+==========+=============+======+====+======+======+=======+==========+=============+======+====+======+======+=======+==========+=============+======+
|  CWE-22  |    5    |    |  5   |  59  |  16   |    1     |    0.24     | 0.39 |    |  5   |  57  |  16   |    1     |    0.24     | 0.39 |    |  5   |  57  |  16   |    1     |    0.24     | 0.39 |
+----------+---------+----+------+------+-------+----------+-------------+------+----+------+------+-------+----------+-------------+------+----+------+------+-------+----------+-------------+------+
|  CWE-78  |   87    |    |  82  |  23  |   8   |   0.94   |    0.91     | 0.92 |    |  82  |  25  |  10   |   0.94   |    0.89     | 0.91 |    |  82  |  25  |  10   |   0.94   |    0.89     | 0.91 |
+----------+---------+----+------+------+-------+----------+-------------+------+----+------+------+-------+----------+-------------+------+----+------+------+-------+----------+-------------+------+
|  CWE-94  |   33    |    |  30  |  10  |   4   |   0.91   |    0.88     | 0.89 |    |  29  |  8   |   4   |   0.88   |    0.88     | 0.88 |    |  29  |  8   |   4   |   0.88   |    0.88     | 0.88 |
+----------+---------+----+------+------+-------+----------+-------------+------+----+------+------+-------+----------+-------------+------+----+------+------+-------+----------+-------------+------+
| CWE-1321 |   94    |    |  52  |  20  |  17   |   0.55   |    0.75     | 0.63 |    |  50  |  39  |  37   |   0.53   |    0.57     | 0.55 |    |  50  |  40  |  38   |   0.53   |    0.57     | 0.55 |
+----------+---------+----+------+------+-------+----------+-------------+------+----+------+------+-------+----------+-------------+------+----+------+------+-------+----------+-------------+------+
|  Total   |   219   |    | 169  | 112  |  45   |   0.77   |    0.79     | 0.78 |    | 166  | 129  |  67   |   0.76   |    0.71     | 0.73 |    | 166  | 130  |  68   |   0.76   |    0.71     | 0.73 |
+----------+---------+----+------+------+-------+----------+-------------+------+----+------+------+-------+----------+-------------+------+----+------+------+-------+----------+-------------+------+